\- [33]
   |- [9, 18]
   |  |- [4, 7]
   |  |  |- [1, 2, 3, 4]
   |  |  |- [5, 6, 7]
   |  |  \- [8, 9]
   |  |- [13, 16]
   |  |  |- [10, 11, 12, 13]
   |  |  |- [14, 15, 16]
   |  |  \- [17, 18]
   |  \- [22, 24, 27, 29]
   |     |- [19, 20, 21, 22]
   |     |- [23, 24]
   |     |- [25, 26, 27]
   |     |- [28, 29]
   |     \- [30, 31, 32, 33]
   \- [47, 56, 64]
      |- [36, 38, 41, 45]
      |  |- [34, 35, 36]
      |  |- [37, 38]
      |  |- [39, 40, 41]
      |  |- [42, 43, 44, 45]
      |  \- [46, 47]
      |- [49, 52, 54]
      |  |- [48, 49]
      |  |- [50, 51, 52]
      |  |- [53, 54]
      |  \- [55, 56]
      |- [59, 61]
      |  |- [57, 58, 59]
      |  |- [60, 61]
      |  \- [62, 63, 64]
      \- [68, 72]
         |- [65, 66, 67, 68]
         |- [69, 70, 71, 72]
         \- [73, 74, 75]
