\- [152]
   |- [49, 89, 114]
   |  |- [14, 23, 33]
   |  |  |- [3, 7, 10, 12]
   |  |  |  |- [1, 2, 3]
   |  |  |  |- [4, 5, 6, 7]
   |  |  |  |- [8, 9, 10]
   |  |  |  |- [11, 12]
   |  |  |  \- [13, 14]
   |  |  |- [16, 19]
   |  |  |  |- [15, 16]
   |  |  |  |- [17, 18, 19]
   |  |  |  \- [20, 21, 22, 23]
   |  |  |- [26, 29]
   |  |  |  |- [24, 25, 26]
   |  |  |  |- [27, 28, 29]
   |  |  |  \- [30, 31, 32, 33]
   |  |  \- [37, 40, 43, 45]
   |  |     |- [34, 35, 36, 37]
   |  |     |- [38, 39, 40]
   |  |     |- [41, 42, 43]
   |  |     |- [44, 45]
   |  |     \- [46, 47, 48, 49]
   |  |- [59, 69, 82]
   |  |  |- [53, 56]
   |  |  |  |- [50, 51, 52, 53]
   |  |  |  |- [54, 55, 56]
   |  |  |  \- [57, 58, 59]
   |  |  |- [61, 65]
   |  |  |  |- [60, 61]
   |  |  |  |- [62, 63, 64, 65]
   |  |  |  \- [66, 67, 68, 69]
   |  |  |- [73, 76, 80]
   |  |  |  |- [70, 71, 72, 73]
   |  |  |  |- [74, 75, 76]
   |  |  |  |- [77, 78, 79, 80]
   |  |  |  \- [81, 82]
   |  |  \- [84, 87]
   |  |     |- [83, 84]
   |  |     |- [85, 86, 87]
   |  |     \- [88, 89]
   |  |- [98, 106]
   |  |  |- [93, 95]
   |  |  |  |- [90, 91, 92, 93]
   |  |  |  |- [94, 95]
   |  |  |  \- [96, 97, 98]
   |  |  |- [101, 103]
   |  |  |  |- [99, 100, 101]
   |  |  |  |- [102, 103]
   |  |  |  \- [104, 105, 106]
   |  |  \- [108, 111]
   |  |     |- [107, 108]
   |  |     |- [109, 110, 111]
   |  |     \- [112, 113, 114]
   |  \- [131, 140]
   |     |- [118, 120, 124, 128]
   |     |  |- [115, 116, 117, 118]
   |     |  |- [119, 120]
   |     |  |- [121, 122, 123, 124]
   |     |  |- [125, 126, 127, 128]
   |     |  \- [129, 130, 131]
   |     |- [135, 137]
   |     |  |- [132, 133, 134, 135]
   |     |  |- [136, 137]
   |     |  \- [138, 139, 140]
   |     \- [144, 146, 150]
   |        |- [141, 142, 143, 144]
   |        |- [145, 146]
   |        |- [147, 148, 149, 150]
   |        \- [151, 152]
   \- [195, 242, 269]
      |- [163, 177]
      |  |- [156, 158, 161]
      |  |  |- [153, 154, 155, 156]
      |  |  |- [157, 158]
      |  |  |- [159, 160, 161]
      |  |  \- [162, 163]
      |  |- [166, 168, 171, 175]
      |  |  |- [164, 165, 166]
      |  |  |- [167, 168]
      |  |  |- [169, 170, 171]
      |  |  |- [172, 173, 174, 175]
      |  |  \- [176, 177]
      |  \- [181, 185, 188, 192]
      |     |- [178, 179, 180, 181]
      |     |- [182, 183, 184, 185]
      |     |- [186, 187, 188]
      |     |- [189, 190, 191, 192]
      |     \- [193, 194, 195]
      |- [206, 217, 229]
      |  |- [198, 202]
      |  |  |- [196, 197, 198]
      |  |  |- [199, 200, 201, 202]
      |  |  \- [203, 204, 205, 206]
      |  |- [208, 211, 213]
      |  |  |- [207, 208]
      |  |  |- [209, 210, 211]
      |  |  |- [212, 213]
      |  |  \- [214, 215, 216, 217]
      |  |- [220, 222, 225]
      |  |  |- [218, 219, 220]
      |  |  |- [221, 222]
      |  |  |- [223, 224, 225]
      |  |  \- [226, 227, 228, 229]
      |  \- [233, 236, 240]
      |     |- [230, 231, 232, 233]
      |     |- [234, 235, 236]
      |     |- [237, 238, 239, 240]
      |     \- [241, 242]
      |- [250, 261]
      |  |- [245, 247]
      |  |  |- [243, 244, 245]
      |  |  |- [246, 247]
      |  |  \- [248, 249, 250]
      |  |- [254, 257]
      |  |  |- [251, 252, 253, 254]
      |  |  |- [255, 256, 257]
      |  |  \- [258, 259, 260, 261]
      |  \- [264, 266]
      |     |- [262, 263, 264]
      |     |- [265, 266]
      |     \- [267, 268, 269]
      \- [278, 289]
         |- [271, 274, 276]
         |  |- [270, 271]
         |  |- [272, 273, 274]
         |  |- [275, 276]
         |  \- [277, 278]
         |- [282, 284, 287]
         |  |- [279, 280, 281, 282]
         |  |- [283, 284]
         |  |- [285, 286, 287]
         |  \- [288, 289]
         \- [292, 296]
            |- [290, 291, 292]
            |- [293, 294, 295, 296]
            \- [297, 298, 299, 300]
